#################################### 
# Matrix Size= (5,5,10)
# Resol      = (1,1,100)
# VoxelSize  = (5,5,0.1)
# nbVal      = 100
#################################### 
0.2191272747
0.2391367633
0.2674219289
0.4506124448
0.3305785152
0.05237629188
0.1204425858
0.05716603269
0.1811047026
0.2868390583
0.3059618289
0.3480917121
0.3934412719
0.3208610472
0.3800156218
0.6891245217
1.189402192
1.034918871
2.551321669
3.887945583
5.26162222
7.902607414
12.0667347
15.28956123
18.17647385
21.34514792
24.09230313
26.80208506
28.65777727
30.30507308
34.0839035
37.00183599
41.28633223
42.62096731
42.40829223
43.99661772
44.8991252
45.48627299
47.11646421
47.75903038
47.69805529
49.61167019
49.9568326
51.15052652
49.13134655
50.4323192
51.13902647
51.32444957
51.72178158
51.34265625
50.48850778
53.0301696
51.30828176
50.68590325
53.29759854
53.00772794
50.33903775
52.16588549
50.5533459
48.62005632
46.4294146
48.57252728
46.85671162
44.76588481
43.49807834
41.36883955
39.47581625
39.07399713
40.03661425
34.10727793
32.57453378
31.08856837
26.32359635
24.38426241
20.48987626
19.12426496
15.63846863
10.8814502
7.794129887
5.635054686
3.602302812
2.606898707
1.864362113
0.9880193464
1.043693664
0.7939330696
0.7041306296
0.6829692341
0.6113829539
0.4436792642
0.3850489327
0.03892666528
0.3406759155
0.1137601645
0.175383252
0.1171141296
0.49500432
0.03012757654
0.1831658415
0.1009446934
