#################################### 
# Matrix Size= (5,5,10)
# Resol      = (1,1,100)
# VoxelSize  = (5,5,0.1)
# nbVal      = 100
#################################### 
1.103773618
1.054059484
1.271760671
1.585877324
1.479517647
0.4469921848
0.6186745791
0.3750161668
0.7805009524
1.235212419
1.291033648
1.627211065
2.529801251
2.674474581
3.274815415
5.739314548
8.932818242
10.40292854
19.43989796
30.10949441
44.8842806
66.42510986
96.91457402
123.9760062
150.4965397
178.2474721
203.8088241
227.446413
249.6398053
265.4834745
293.8525096
317.6933571
347.1408405
359.5311565
368.909107
376.3073745
387.5326537
398.3245052
408.142733
414.0719225
414.4677904
425.4507453
426.8509338
437.0432226
433.2154697
443.9427886
444.2234458
443.5321974
443.5860324
439.2326624
435.0042488
444.1539434
441.7844573
440.6101826
450.2341127
445.7448484
438.5870673
442.0231572
437.0165515
419.4038626
404.3355583
408.9503661
397.0553871
383.1443058
377.8411205
355.8712539
338.8448139
338.3843619
327.0854604
295.7769807
276.566522
262.6391991
229.5397221
205.7002556
176.3428091
156.2939015
130.6751009
95.12035571
65.81181521
44.98374534
29.94698751
19.71572691
13.6748233
8.257874874
6.625183291
5.059596444
4.060471719
3.774410914
2.783114795
2.239251791
1.658976978
0.3372729018
1.439650141
0.7020521982
1.037193013
0.6574227904
1.960793144
0.2946059342
0.8360805693
0.3177179464
