#################################### 
# Matrix Size= (50,400,400)
# Resol      = (100,1,1)
# VoxelSize  = (0.5,400,400)
# nbVal      = 100
#################################### 
9.376713695
10.95926123
11.92498476
10.51721867
11.40721659
13.64341412
13.12390682
9.730074388
10.14369624
12.26193043
11.50391868
10.91250325
12.22148109
11.32243724
13.13698479
13.31067641
10.97223533
12.94433691
12.63109055
14.21389154
12.39962994
10.9793078
13.71275914
14.03146069
15.86050144
16.12262186
14.57974793
16.86549735
16.22549463
16.7717511
16.32193452
17.90602091
20.34101097
14.34257057
17.21854492
17.04156219
20.09506348
19.32534204
22.36627035
20.39501031
18.16674838
24.83876355
25.43563709
38.86021096
129.7426656
284.208075
418.859035
519.3870009
604.0431544
615.9918825
631.6779843
595.1162851
516.3976133
418.4592362
281.0747637
134.5322856
42.33927908
25.44395538
23.5428726
25.98933511
19.24770503
18.37867648
20.71676831
21.46284779
20.02561353
19.53822198
16.27088357
16.67061377
17.91193677
16.65993605
15.01319896
14.16737127
16.17900341
14.44179859
14.89634597
14.69671252
14.24853479
12.23221374
13.86001526
12.36331727
13.00717037
16.97173793
11.88243323
15.07208907
13.77246841
15.54826697
12.42305962
12.75224844
10.93975808
12.06809736
11.32194794
13.85027117
11.28239486
11.73305408
12.93481105
10.10617594
9.755826691
12.85895881
10.84510469
10.2113984
