#################################### 
# Matrix Size= (50,400,400)
# Resol      = (100,1,1)
# VoxelSize  = (0.5,400,400)
# nbVal      = 100
#################################### 
50.62761787
55.43257118
59.934193
54.66282025
53.95240792
61.08701564
61.59100021
53.67820601
51.09181068
60.91762467
58.80665655
56.2088853
62.00777419
57.57374159
65.45063113
64.63279608
58.88034792
65.86364915
64.07323167
68.42799531
62.79554305
57.74674395
68.58148807
69.86431137
74.57377191
75.08535575
71.10909652
77.4465628
77.31370073
76.80647541
80.23492932
80.68755993
91.14731438
72.47913131
82.25614977
84.06193619
86.88626217
86.62566245
98.7043001
97.54360638
90.67999552
105.0642818
117.4055249
172.9318106
576.4816858
1265.149463
1847.730496
2310.137017
2667.189563
2755.710363
2796.635315
2620.027487
2289.760115
1857.421338
1257.863839
604.9233865
180.5143368
110.1072957
107.1027875
109.2768372
93.09640517
90.05320724
92.41662553
92.95732511
87.25308318
86.45011413
83.13681888
79.70729863
79.63480175
81.57127602
73.21134739
75.64451626
79.32262666
74.67521126
72.26902396
71.02607819
66.25906554
64.06862612
68.59030361
63.16158614
64.90400612
71.12948472
64.66660324
65.67180551
63.67148219
68.0156293
59.3900978
62.07334357
56.31089256
61.49067662
55.51781019
62.24840174
56.87319322
56.26514831
59.04468293
52.7290326
50.16634144
57.48078654
51.69586765
51.5536881
