#################################### 
# Matrix Size= (5,5,10)
# Resol      = (1,1,100)
# VoxelSize  = (5,5,0.1)
# nbVal      = 100
#################################### 
0.4240902689
0.4639275201
0.4066138395
0.423274449
0.3886019318
0.5119898269
0.5609485563
0.6375523715
0.5452382229
0.433578876
0.4284364425
0.3625672779
0.2479250452
0.2117745571
0.1882152378
0.1446062875
0.1220484622
0.09774004187
0.08210486958
0.06541116247
0.05100757927
0.04220260796
0.03570352797
0.03138109484
0.02815189686
0.02572597551
0.02387491406
0.02254110177
0.02120973975
0.02049332509
0.01961441071
0.01888427506
0.01823757826
0.01788091031
0.01736702273
0.01734063719
0.01699907432
0.01663396064
0.01651810403
0.01638759229
0.01636051262
0.01625077359
0.01625382543
0.01605605425
0.01586792778
0.01568098882
0.01578453265
0.01583990086
0.01590152324
0.01600405095
0.01602543847
0.01608785625
0.01590245304
0.0158456692
0.01590367576
0.01602469067
0.0158649367
0.01603101741
0.01595940676
0.01632209124
0.01655285027
0.01674628825
0.01694748116
0.01717406722
0.01716648878
0.01779485378
0.01827079609
0.0182002494
0.01908482183
0.01949031687
0.02039303963
0.02099281442
0.02212720164
0.0237969362
0.02547377164
0.02780103638
0.03009693852
0.0345349615
0.0423030879
0.05267620172
0.06329914721
0.08183280349
0.09979933981
0.1203279928
0.154169852
0.1760792626
0.2066338407
0.218931505
0.2809313472
0.2974467753
0.3740281185
0.5849759037
0.4054177063
0.4804171088
0.4037600341
0.5205399306
0.3588046145
0.5891644374
0.5118798057
1
