#################################### 
# Matrix Size= (50,400,400)
# Resol      = (100,1,1)
# VoxelSize  = (0.5,400,400)
# nbVal      = 100
#################################### 
0.06040120654
0.05963731641
0.05753092226
0.05924378242
0.06252106459
0.06038374696
0.05873377471
0.05802541707
0.06225718349
0.05739584613
0.05758970178
0.05868536164
0.05629031926
0.05835942843
0.05528749813
0.05635944756
0.05616841318
0.05453399844
0.05537822627
0.05500578135
0.05598685211
0.05729300703
0.05390283469
0.05352313454
0.05331038094
0.05338313866
0.05360405032
0.05293293446
0.05200477756
0.05322656106
0.0502535046
0.05234849068
0.0493805424
0.05215619361
0.05034740038
0.04900667025
0.05149658661
0.05064940829
0.0478095817
0.04619020759
0.04689690389
0.04733091446
0.04284054474
0.03590891725
0.01950398887
0.01294468174
0.01061536111
0.009344725672
0.00865511496
0.008433087123
0.008412245192
0.008757567366
0.009407105439
0.01054955696
0.01294786977
0.01891153425
0.03590744583
0.04570263549
0.04519293132
0.04654484672
0.0470195804
0.04750067948
0.04914914794
0.04973775908
0.05119024484
0.05103250789
0.04841611634
0.05112705011
0.05305183012
0.04993816404
0.0528303833
0.0496581507
0.05060982402
0.05079211105
0.05331227051
0.05388250617
0.05688160741
0.05449785136
0.0541854849
0.05557952476
0.05547760232
0.05783188767
0.05321196076
0.05903202711
0.05819999775
0.05788784697
0.0592631879
0.05744249693
0.05865206385
0.05640672453
0.06052551092
0.05970280618
0.05897551887
0.06079691599
0.06082965615
0.06020708065
0.06218145678
0.06230511552
0.06362495086
0.06190405852
