3       0
0.02        0.13
0.02        0.23
0.03        0.32
0.03        0.42
0.03        0.52
0.03        0.65
0.04        0.80
0.04        0.98
0.05        1.13
0.05        1.28
0.06        1.44
0.06        1.63
0.07        1.80
0.07        2.01
0.08        2.16
0.08        2.38
0.09        2.57
0.10        2.76
0.10        2.95
0.11        3.14
0.12        3.37
0.13        3.58
0.14        3.75
0.15        3.96
0.17        4.14
0.18        4.31
0.19        4.46
0.21        4.55
0.23        4.63
0.26        4.64
0.28        4.60
0.30        4.47
0.32        4.31
0.34        4.14
0.35        3.94
0.37        3.75
0.38        3.55
0.39        3.36
0.41        3.15
0.42        2.93
0.43        2.70
0.45        2.45
0.46        2.18
0.48        1.89
0.50        1.64
0.51        1.42
0.53        1.19
0.54        0.94
0.56        0.63
0.58        0.40
0.61        0.20
0.62        0.10
0.66        0.02
