3     0
0.00        4.35
0.01        4.38
0.02        4.42
0.04        4.47
0.06        4.53
0.08        4.55
0.10        4.55
0.12        4.49
0.14        4.42
0.16        4.33
0.17        4.24
0.19        4.13
0.20        4.02
0.21        3.88
0.22        3.73
0.24        3.59
0.25        3.46
0.26        3.32
0.28        3.13
0.29        2.95
0.31        2.66
0.32        2.54
0.34        2.34
0.35        2.16
0.36        2.03
0.38        1.83
0.39        1.61
0.40        1.41
0.42        1.23
0.44        1.00
0.45        0.78
0.47        0.56
0.49        0.36
0.51        0.24
0.52        0.14
0.54        0.07
0.57        0.00
